Pegasi  (64,707)  (16,754)  (16,706)  (111,755)  (64,659)  (112,659)  (112,707)  (14,658)  (63,802)  (159,755)  (160,649)  (160,697)
Geminorum  (1363,665)  (1315,712)  (1315,664)  (1410,713)  (1363,617)  (1411,619)
Persei  (2671,2144)  (2623,2191)  (2623,2143)  (2718,2192)  (2671,2096)  (2719,2096)  (2719,2144)  (2621,2095)  (2666,2239)  (2618,2239)  (2575,2191)  (2575,2143)  (2767,2062)  (2767,2110)  (2767,2158)  (2815,2101)
S40  (1235,1550)  (1187,1597)  (1187,1549)  (1282,1598)  (1235,1502)  (1283,1502)  (1283,1550)  (1185,1501)  (1234,1645)  (1186,1645)  (1139,1597)  (1139,1549)  (1330,1598)  (1307,1646)  (1138,1646)  (1233,1454)  (1281,1454)  (1331,1478)  (1331,1526)  (1091,1598)  (1378,1574)  (1090,1677)  (1232,1406)  (1379,1526)  (1042,1675)
S42  (1768,1603)
Pollux  (1602,2906)  (1650,2902)
S41  (1528,1579)  (1480,1626)  (1545,1627)  (1569,1531)  (1576,1579)  (1700,1477)
S44  (1975,1681)  (1927,1670)  (2000,1729)  (1952,1729)  (1996,1633)  (2023,1681)
Arianni  (2091,2405)  (2043,2452)  (2138,2453)  (2118,2357)  (2139,2405)  (2166,2347)
S43  (1877,1489)  (1829,1536)  (1829,1488)  (1924,1537)  (1877,1441)  (1925,1441)  (1925,1489)  (1876,1584)  (1972,1551)  (1924,1585)  (1914,1393)  (1931,1345)  (1946,1297)
Illuminati  (704,2048)  (656,2095)  (656,2047)  (751,2096)  (704,2000)  (752,2000)  (752,2048)  (654,1999)  (703,2143)  (655,2143)  (608,2095)  (608,2047)  (799,2096)  (799,2144)  (751,2144)  (702,1952)  (750,1952)  (800,1959)  (800,2007)  (606,1999)  (642,1951)  (847,2055)  (847,2103)  (847,2151)  (848,1998)  (895,2046)  (895,2094)  (895,2142)
Regulus  (1087,2604)  (1039,2611)  (1135,2592)  (1183,2592)
Crateris  (1761,1146)  (1713,1193)  (1713,1145)  (1808,1194)  (1761,1098)  (1809,1098)  (1809,1146)  (1711,1097)  (1760,1241)  (1712,1241)  (1856,1194)  (1664,1242)  (1759,1050)  (1857,1092)  (1857,1140)  (1697,1049)
S46  (2327,1544)  (2279,1551)  (2279,1503)  (2374,1592)  (2327,1496)  (2375,1496)  (2375,1544)  (2326,1599)  (2257,1455)  (2305,1448)  (2423,1486)  (2360,1647)  (2344,1695)
S45  (2183,1689)  (2135,1736)  (2135,1688)  (2230,1737)  (2186,1641)  (2231,1689)  (2234,1638)  (2087,1752)  (2278,1737)
S48  (2655,1697)  (2677,1745)  (2629,1745)  (2624,1649)
S47  (2510,1550)  (2462,1584)  (2558,1549)
S49  (168,1826)  (215,1874)  (167,1874)
Procyon  (193,2219)  (145,2220)
Arae  (2697,2674)  (2649,2721)  (2649,2673)  (2744,2722)  (2697,2626)  (2745,2626)  (2745,2674)  (2647,2625)  (2670,2769)  (2601,2752)  (2601,2704)  (2793,2605)  (2793,2653)  (2793,2701)  (2841,2608)  (2841,2656)  (2889,2609)  (2889,2657)
S51  (1071,1830)  (1023,1822)  (1117,1878)  (1071,1782)  (1014,1774)  (1062,1734)  (1238,1909)
S50  (333,1832)  (346,1880)
Raynet  (788,2420)  (823,2468)  (800,2372)  (836,2420)
S53  (1511,1795)  (1463,1842)  (1463,1794)  (1558,1843)  (1511,1747)  (1559,1747)  (1559,1795)  (1461,1746)  (1510,1890)  (1462,1890)  (1415,1842)  (1415,1794)  (1606,1843)  (1574,1891)  (1414,1891)  (1509,1699)  (1557,1699)  (1605,1699)  (1607,1747)  (1607,1795)  (1413,1734)  (1461,1698)  (1499,1938)  (1451,1939)  (1435,1987)
S52  (1322,1837)  (1357,1885)  (1309,1885)  (1298,1789)  (1346,1789)  (1352,1933)  (1286,1741)  (1334,1741)
Altair  (1296,989)
S55  (2128,1978)  (2080,2020)  (2080,1972)  (2175,2026)  (2128,1930)  (2176,1930)  (2176,1978)  (2073,1924)  (2223,2026)  (2223,2074)  (2175,2074)  (2224,1935)  (2025,1914)  (2027,1866)  (2226,2122)
S54  (1865,1895)  (1817,1940)  (1817,1892)  (1912,1943)  (1872,1847)  (1913,1895)  (1960,1950)
S57  (2385,2149)  (2337,2186)  (2337,2138)  (2432,2197)  (2433,2138)  (2289,2184)  (2289,2136)  (2481,2105)  (2498,2057)  (2546,2042)
S56  (2298,1839)  (2313,1887)  (2346,1813)
S59  (283,2093)  (325,2141)  (277,2141)  (308,2045)  (331,2093)  (296,2189)
Librae  (2246,252)  (2198,283)  (2198,235)  (2293,300)  (2246,204)  (2294,204)  (2294,252)  (2150,261)
Muscae  (345,592)  (297,639)  (297,591)  (392,640)  (345,544)  (393,544)  (393,592)  (295,543)  (344,687)  (296,687)  (432,688)  (343,496)  (391,496)  (292,495)  (384,735)  (336,735)  (288,735)  (432,736)  (340,448)  (388,448)  (292,447)  (240,777)  (376,783)  (328,783)  (280,825)
S58  (2892,1844)  (2912,1892)  (2850,1796)  (2898,1796)
Centauri  (382,2606)  (334,2634)  (429,2654)  (351,2558)  (399,2558)  (430,2606)
S1  (440,201)  (392,176)  (487,249)  (439,249)  (440,153)  (488,169)  (380,128)  (491,297)  (443,297)  (379,80)  (472,345)
S2  (318,298)  (319,250)  (366,320)
S3  (554,334)  (565,382)  (576,286)  (624,264)  (517,405)  (565,430)  (597,216)  (645,216)  (517,453)  (565,478)  (517,501)  (574,526)
Lyncis  (1608,42)  (1560,89)  (1560,41)  (1655,90)  (1656,0)  (1607,137)  (1559,137)  (1512,89)  (1512,41)  (1703,48)  (1703,96)  (1655,138)  (1511,138)  (1704,0)  (1709,144)  (1464,90)  (1464,42)  (1751,48)  (1751,96)  (1463,138)  (1752,0)  (1757,144)  (1799,48)  (1799,96)  (1800,0)
S4  (990,137)  (942,184)  (942,136)  (1037,185)  (990,89)  (1038,89)  (1038,137)  (989,232)  (1045,233)  (983,41)  (1031,41)  (997,280)
S5  (1170,159)  (1122,206)  (1122,158)  (1175,207)  (1218,130)  (1127,254)  (1266,118)  (1109,302)  (1314,104)  (1362,96)
S6  (1270,305)  (1222,329)  (1222,281)  (1318,287)  (1318,335)
S7  (1373,466)  (1325,513)  (1325,465)  (1420,514)  (1373,418)  (1421,418)  (1421,466)  (1389,370)
S8  (1943,57)  (1895,104)  (1895,56)  (1990,105)  (1943,9)  (1991,9)  (1991,57)  (1893,8)  (1942,152)  (1894,152)  (2013,153)  (2039,0)  (2039,48)  (1846,175)  (2087,0)  (1798,216)  (2135,0)  (2183,0)
S9  (1903,352)  (1855,399)  (1855,351)  (1950,400)  (1903,304)  (1951,304)  (1951,352)  (1853,303)  (1902,447)  (1854,447)  (1807,399)  (1807,351)  (1997,448)  (1901,256)  (1949,256)  (1997,256)  (1927,495)  (1759,389)
Serpentis  (1347,2867)  (1299,2871)  (1305,2819)  (1353,2819)  (1395,2867)  (1401,2813)  (1443,2900)
S60  (474,2083)  (426,2104)  (426,2056)  (521,2131)  (474,2035)  (522,2079)  (473,2152)  (402,2008)  (569,2179)  (521,2179)  (566,2227)
Sextantis  (1340,2628)  (1292,2675)  (1292,2627)  (1387,2676)  (1340,2580)  (1388,2580)  (1388,2628)  (1290,2579)  (1436,2641)
Pyxidis  (2628,1439)  (2580,1479)  (2580,1431)  (2675,1487)  (2628,1391)  (2676,1391)  (2676,1439)  (2573,1383)  (2723,1487)  (2724,1418)  (2771,1486)
S62  (1578,2249)  (1530,2247)  (1626,2252)  (1674,2255)
S61  (1281,2189)  (1233,2236)  (1233,2188)  (1328,2237)  (1281,2141)  (1329,2141)  (1329,2189)
S64  (631,2409)
S63  (391,2255)  (343,2269)  (438,2303)  (374,2207)  (439,2242)
S66  (1026,2461)  (1030,2509)
S65  (768,2290)  (720,2335)  (786,2242)  (834,2227)  (882,2235)
S68  (2252,2416)  (2232,2368)  (2300,2424)
S67  (1442,2372)  (1489,2420)  (1441,2420)  (1411,2324)  (1459,2324)  (1451,2468)  (1417,2276)
Hydrae  (2220,1034)  (2172,1081)  (2172,1033)  (2267,1082)  (2220,986)  (2268,986)  (2268,1034)  (2170,985)  (2124,1098)  (2124,1050)  (2315,1082)  (2316,986)  (2316,1034)  (2122,1002)  (2076,1072)  (2363,1082)  (2364,1004)  (2074,1024)  (2384,1130)  (2411,1052)  (2432,1100)  (2459,1050)
S69  (2513,2358)  (2465,2405)  (2465,2357)  (2560,2406)  (2513,2310)  (2561,2310)  (2561,2358)  (2512,2453)  (2464,2453)  (2495,2262)  (2609,2313)
Saurus  (655,2248)
Piscium  (2493,1888)  (2445,1935)  (2445,1887)  (2493,1840)  (2541,1840)  (2541,1888)  (2397,1919)  (2589,1823)  (2589,1871)
Wolf  (414,2390)  (366,2373)  (462,2376)
Antares  (1821,724)  (1852,772)  (1804,772)  (1852,676)  (1869,724)
WH-E  (2887,2019)  (2839,2019)  (2912,2067)  (2876,1971)
WH-H  (2502,2877)  (2454,2912)  (2454,2864)  (2502,2829)  (2550,2829)  (2550,2877)  (2447,2816)  (2598,2848)  (2598,2896)
Ceti  (789,1641)  (741,1684)  (741,1636)  (836,1689)  (789,1593)  (837,1593)  (837,1641)  (735,1588)  (693,1639)  (884,1689)  (884,1737)  (836,1737)  (783,1545)  (831,1545)  (885,1629)  (687,1591)  (709,1540)
Normae  (510,1359)  (462,1406)  (462,1358)  (557,1407)  (510,1311)  (558,1311)  (558,1359)  (460,1310)  (506,1454)  (458,1454)  (414,1406)  (414,1358)  (606,1268)  (606,1316)  (606,1364)  (412,1310)  (366,1422)  (366,1374)  (654,1249)  (654,1297)  (654,1345)  (364,1326)
S71  (2720,2293)
S70  (2620,2463)  (2633,2511)  (2601,2559)
S73  (726,2601)  (678,2601)  (774,2560)  (774,2608)
S72  (230,2577)  (182,2612)  (182,2564)  (230,2529)  (278,2529)  (330,2487)
Antilae  (777,231)  (729,278)  (729,230)  (824,279)  (825,187)  (872,235)  (872,283)
S75  (1544,2593)  (1496,2598)  (1496,2550)  (1591,2641)  (1544,2545)  (1543,2646)  (1639,2627)  (1622,2689)  (1558,2497)
S74  (902,2570)  (854,2542)  (902,2522)  (950,2551)  (950,2599)
Lipi  (1561,354)  (1513,401)  (1513,353)  (1608,402)  (1561,306)  (1609,306)  (1609,354)  (1511,305)  (1560,449)  (1512,449)  (1626,450)  (1559,258)  (1607,258)  (1655,258)  (1657,306)  (1657,354)  (1487,257)  (1578,497)  (1530,497)  (1494,545)
S77  (2047,2534)  (1999,2555)  (2095,2512)  (2143,2512)
S76  (1747,2713)  (1699,2760)  (1699,2712)  (1794,2761)  (1747,2665)  (1795,2665)  (1795,2713)  (1746,2808)  (1698,2808)  (1843,2652)  (1720,2856)
Luyten  (1270,2458)  (1222,2466)  (1318,2421)  (1318,2469)  (1366,2454)
S79  (2499,2656)  (2451,2703)  (2519,2704)  (2504,2608)
Cygnus  (106,1551)  (58,1575)  (154,1538)
S78  (2202,2623)  (2154,2670)  (2154,2622)  (2249,2671)  (2202,2575)  (2250,2575)  (2250,2623)  (2106,2695)  (2106,2647)  (2106,2599)  (2297,2671)  (2298,2548)  (2298,2596)  (2058,2645)  (2345,2644)  (2345,2692)  (2346,2534)  (2346,2582)  (2393,2630)  (2394,2525)  (2394,2573)  (2442,2521)
WH-M  (944,1502)  (896,1496)  (991,1550)  (943,1550)  (944,1454)  (992,1489)  (1039,1537)  (986,1598)  (925,1406)
WH-N  (1181,664)  (1133,671)  (1133,623)  (1228,712)  (1181,616)  (1229,616)  (1229,664)  (1252,760)  (1204,760)  (1237,568)
WH-O  (2670,1097)  (2622,1105)  (2717,1145)  (2718,1071)  (2669,1153)
Mizar  (31,2494)  (78,2542)  (30,2542)  (0,2446)  (48,2446)  (79,2494)  (127,2499)
S80  (436,2904)  (484,2899)
Sagittae  (10,1230)  (57,1278)  (9,1278)  (58,1226)
S82  (967,2868)  (954,2820)  (978,2772)
S81  (717,2889)
S84  (1126,2704)  (1078,2716)  (1174,2662)  (1174,2710)  (1222,2740)
S83  (1086,2817)  (1038,2781)  (1097,2865)  (1134,2785)  (1145,2833)  (1193,2805)
S86  (2053,2843)  (2005,2890)  (2005,2842)  (2089,2891)  (2078,2795)  (2101,2843)  (2126,2770)
S85  (1851,2862)  (1803,2909)  (1898,2910)  (1849,2814)  (1897,2814)  (1899,2862)  (1881,2766)
Alcor  (2832,2873)  (2784,2912)  (2784,2864)  (2832,2825)  (2880,2825)  (2880,2873)  (2774,2816)  (2736,2912)  (2736,2864)  (2841,2777)  (2889,2777)  (2688,2883)  (2688,2835)
Orionis  (518,1117)  (470,1164)  (470,1116)  (565,1165)  (518,1069)  (566,1069)  (566,1117)  (468,1068)  (517,1212)  (469,1212)  (422,1164)  (422,1116)  (613,1165)  (552,1021)  (600,1021)  (614,1069)  (614,1117)  (648,1016)  (374,1188)  (374,1140)  (374,1092)  (662,1064)  (662,1112)  (326,1169)
Arietis  (2797,2451)  (2749,2498)  (2749,2450)  (2844,2499)  (2797,2403)  (2845,2403)  (2845,2451)  (2747,2402)  (2796,2546)  (2701,2542)  (2701,2494)  (2892,2499)  (2892,2547)  (2844,2547)  (2831,2355)  (2879,2355)  (2893,2403)  (2893,2451)  (2699,2446)
Klystron  (668,20)  (620,67)  (620,19)  (715,68)  (716,0)  (667,115)  (619,115)  (572,67)  (572,19)  (763,48)  (763,96)  (715,116)  (571,116)  (764,0)  (524,68)  (524,20)  (811,48)  (811,96)  (812,0)  (476,65)  (476,17)  (859,48)  (860,0)  (428,20)  (908,0)
Deneb  (598,2901)  (646,2911)
Indi  (1135,2515)
Delphini  (1048,1051)  (1000,1073)  (1000,1025)  (1095,1099)  (1048,1003)  (1096,1003)  (1096,1051)
Vela  (923,2362)  (953,2410)  (907,2314)  (971,2348)
Doradus  (1193,911)  (1203,959)  (1189,863)  (1241,877)
Circini  (93,1111)  (140,1159)  (92,1159)
Fomalhaut  (1162,451)  (1114,498)  (1114,450)  (1202,499)  (1162,403)  (1210,403)  (1210,451)  (1110,546)  (1258,419)
Eridani  (1684,689)  (1732,681)
Caeli  (801,2713)  (753,2760)  (753,2712)  (811,2761)  (831,2665)  (849,2713)  (879,2655)  (705,2796)  (705,2748)  (705,2700)  (897,2703)  (945,2665)
Bellatrix  (1588,2352)
Camelopardalis  (1756,1729)  (1708,1776)  (1708,1728)  (1803,1777)  (1756,1681)  (1804,1681)  (1804,1729)  (1852,1675)  (1852,1723)  (1852,1771)
Aldebaran  (2153,1833)
Mira  (1065,2303)  (1017,2283)  (1112,2351)  (1064,2351)  (1065,2255)  (1113,2256)  (1001,2235)  (1130,2399)  (1161,2277)
Lentilis  (1306,1164)  (1353,1212)  (1305,1212)  (1278,1116)  (1326,1116)  (1354,1164)
Achernar  (1470,2110)  (1422,2077)  (1486,2158)  (1438,2158)  (1470,2062)  (1518,2067)  (1534,2115)
Betelgeuse  (1190,1808)
Capricorni  (776,1381)  (728,1401)  (823,1429)  (745,1333)  (793,1333)  (824,1381)
Krueger  (50,2831)  (2,2878)  (2,2830)  (97,2879)  (50,2783)  (98,2783)  (98,2831)  (0,2782)  (48,2735)  (96,2735)  (146,2799)  (0,2734)
Vitalis  (893,1886)  (845,1900)  (845,1852)  (940,1934)  (893,1838)  (941,1851)  (797,1869)  (988,1899)  (988,1947)
Mersenne  (697,855)  (649,835)  (744,903)  (696,903)  (697,807)  (745,807)  (745,855)  (774,951)  (726,951)  (665,759)  (713,759)  (793,893)
Trianguli  (2255,2847)  (2207,2894)  (2207,2846)  (2302,2895)  (2255,2799)  (2303,2799)  (2303,2847)  (2159,2912)  (2350,2895)  (2351,2785)  (2351,2833)
Leonis  (2782,664)  (2734,711)  (2734,663)  (2829,712)  (2782,616)  (2830,616)  (2830,664)  (2732,615)  (2781,759)  (2733,759)  (2686,711)  (2686,663)  (2877,712)  (2877,760)  (2829,760)  (2780,568)  (2828,568)  (2878,577)  (2878,625)  (2684,615)  (2684,567)  (2732,567)  (2638,722)  (2638,674)  (2912,808)  (2864,808)  (2636,626)  (2636,578)  (2636,530)  (2684,519)  (2732,519)
Sirius  (481,2479)  (529,2459)
Cerenkov  (1272,2329)  (1224,2356)  (1320,2300)  (1320,2348)
Draconis  (806,476)  (758,523)  (758,475)  (853,524)  (854,436)  (805,571)  (757,571)  (710,523)  (901,484)  (901,532)  (853,572)  (709,572)  (902,402)  (909,580)  (943,352)  (662,524)  (662,476)  (949,450)  (949,498)  (861,620)  (950,400)  (957,546)  (957,594)  (997,448)  (997,496)  (1005,544)
Fornacis  (1677,560)  (1629,597)  (1675,512)  (1723,512)  (1725,560)  (1761,608)  (1771,481)  (1581,626)  (1698,464)  (1773,529)  (1809,577)  (1533,655)  (1533,607)  (1821,522)
Andromedae  (2501,827)  (2453,850)  (2548,875)  (2532,779)  (2549,827)  (2597,810)
Sculptoris  (1677,2481)  (1629,2521)  (1629,2473)  (1724,2529)  (1677,2433)  (1725,2433)  (1725,2481)  (1676,2569)  (1773,2446)  (1773,2494)
Tucanae  (1162,1304)  (1178,1352)  (1210,1271)
Rigel  (563,2320)
Chandrasekhar  (42,980)  (90,940)  (90,988)
Lyrae  (551,2609)  (598,2657)  (534,2561)  (599,2606)
Virginis  (108,1976)  (60,1998)  (156,1958)  (12,1998)  (204,1949)  (252,1942)  (252,1990)  (300,1941)
Capella  (1192,2907)
Copernicus  (1674,2147)  (1626,2182)  (1682,2195)  (1722,2126)  (1730,2174)
Volantis  (218,2362)  (170,2409)  (170,2361)  (265,2410)  (266,2316)
Monocerotis  (1088,801)  (1117,849)  (1136,787)
Chameleonis  (1391,868)  (1343,877)  (1343,829)  (1438,916)  (1391,820)  (1439,820)  (1439,868)  (1390,925)  (1486,916)  (1445,964)  (1487,795)  (1487,843)
Hyperion  (1848,2541)  (1895,2589)  (1847,2589)  (1896,2511)
Arcturus  (2855,1166)  (2807,1213)  (2807,1165)  (2902,1214)  (2855,1118)  (2903,1118)  (2903,1166)  (2836,1261)
Giclas  (240,2797)  (287,2845)  (239,2845)  (202,2749)  (250,2749)  (288,2797)  (298,2739)  (191,2887)  (331,2893)  (283,2893)  (174,2701)  (222,2701)  (270,2691)
Mensae  (1174,2014)  (1126,2034)  (1126,1986)  (1221,2062)  (1174,1966)  (1222,1975)  (1078,2022)  (1269,2023)  (1269,2071)  (1317,2015)  (1317,2063)
Bootis  (50,2104)  (2,2151)  (2,2103)  (97,2152)  (98,2057)  (145,2105)  (146,2056)
Phoenicis  (2830,1645)  (2782,1692)  (2782,1644)  (2877,1693)  (2830,1597)  (2878,1597)  (2878,1645)  (2780,1596)  (2732,1609)
Menkar  (1336,200)  (1288,210)  (1384,179)  (1384,227)
Aquarii  (2509,394)  (2548,442)  (2500,442)  (2487,346)  (2557,367)
Vulpeculae  (1039,2131)  (991,2172)  (991,2124)  (1086,2179)  (1039,2083)  (1087,2096)  (1134,2144)  (1134,2192)
Octantis  (445,902)  (397,949)  (397,901)  (492,950)  (445,854)  (493,854)  (493,902)  (395,853)  (442,997)  (394,997)  (349,949)  (349,901)  (541,813)  (541,861)  (541,909)  (346,1000)  (301,936)  (589,860)  (589,908)
Herculis  (459,1890)  (506,1938)  (426,1842)
Sagitarii  (2016,2182)  (1968,2229)  (1968,2181)  (2063,2230)  (2016,2134)  (2064,2134)  (2064,2182)  (1966,2133)  (2015,2277)  (1967,2277)  (2111,2230)  (2111,2278)  (2063,2278)  (2014,2086)  (2112,2159)  (1950,2085)  (2015,2325)  (2159,2207)  (2159,2255)  (1914,2037)  (1962,2037)
Pavonis  (78,493)  (30,540)  (30,492)  (125,541)  (78,445)  (126,445)  (126,493)  (28,444)  (77,588)  (29,588)  (173,541)  (173,589)  (125,589)  (174,433)  (174,481)  (221,529)  (222,427)  (222,475)
Gruis  (675,1835)  (627,1877)  (691,1787)  (723,1835)  (739,1771)
Organnon  (1976,2723)  (1984,2771)  (1958,2675)  (2024,2718)
Cassiopiea  (1046,1413)  (1094,1397)
Velorum  (245,1732)
Hyades  (2371,105)  (2323,136)  (2323,88)  (2418,153)  (2371,57)  (2419,57)  (2419,105)  (2275,140)  (2275,92)  (2466,153)  (2466,201)  (2418,201)  (2467,31)  (2467,79)  (2227,143)  (2227,95)  (2514,127)  (2514,175)  (2496,249)  (2448,249)  (2515,24)  (2515,72)  (2400,261)  (2179,145)  (2179,97)  (2131,156)  (2131,108)  (2083,142)
Ptolemae  (483,2775)  (435,2822)  (435,2774)  (530,2823)  (483,2727)  (531,2727)  (531,2775)  (579,2742)  (579,2790)
Tauri  (7,1825)  (50,1873)  (2,1873)  (55,1806)
Brahe  (1854,2140)  (1894,2188)  (1846,2188)  (1813,2092)  (1861,2092)  (1798,2227)
Ophiuchi  (112,327)  (64,351)  (141,375)  (160,307)  (189,355)  (16,338)  (208,299)
Groombridge  (2860,244)  (2812,266)  (2812,218)  (2907,292)  (2860,196)  (2908,196)  (2908,244)
Carinae  (1002,1320)  (1050,1329)
Lacaille  (5,2642)  (53,2618)
Squidi  (587,1726)  (611,1774)  (563,1774)  (590,1678)  (635,1726)  (558,1822)
Telescopii  (69,1685)  (110,1733)  (62,1733)  (117,1655)
Metis  (1670,1559)
Almagest  (2880,2230)  (2832,2257)  (2912,2278)  (2891,2182)
Crucis  (1526,1088)  (1478,1135)  (1478,1087)  (1573,1136)  (1526,1040)  (1574,1040)  (1574,1088)  (1476,1039)  (1525,1183)  (1477,1183)  (1430,1105)  (1621,1136)  (1596,1184)  (1534,992)  (1582,992)  (1622,1040)  (1622,1088)  (1428,1057)  (1630,984)  (1579,944)  (1627,936)
Kepler  (1656,1982)  (1608,2029)  (1608,1981)  (1703,2030)  (1656,1934)  (1704,1934)  (1704,1982)  (1560,2004)  (1751,2030)  (1715,1886)  (1752,1973)
Algol  (2625,1977)  (2577,1979)  (2673,1975)
Reticuli  (2095,1437)  (2047,1484)  (2047,1436)  (2142,1485)  (2095,1389)  (2143,1389)  (2143,1437)  (2045,1388)  (2094,1532)  (2170,1533)  (2093,1341)  (2191,1401)  (2191,1449)  (1997,1407)  (2020,1340)  (2122,1580)
Equulei  (1729,921)  (1732,969)  (1777,875)  (1780,923)
S11  (2846,416)  (2798,456)  (2798,408)  (2893,464)  (2894,386)  (2789,360)  (2912,512)
S10  (2641,271)  (2593,298)  (2593,250)  (2688,319)  (2641,223)  (2689,223)  (2689,271)  (2591,202)  (2640,346)  (2727,367)  (2607,154)  (2679,394)
S13  (1022,691)  (1046,643)
S12  (597,659)  (549,706)  (549,658)  (608,707)  (597,611)  (645,631)  (547,610)  (656,679)  (560,754)  (512,754)  (501,706)  (501,658)  (499,610)  (704,656)  (752,669)  (779,717)  (827,677)  (827,725)  (875,678)
S15  (179,898)  (227,892)
S14  (20,876)  (68,859)
Horologii  (2077,694)  (2029,741)  (2029,693)  (2124,742)  (2077,646)  (2125,646)  (2125,694)  (2027,645)  (2076,789)  (2028,789)  (1981,741)  (1981,693)  (2172,742)  (2172,790)  (2124,790)  (1980,790)  (2075,598)  (2123,598)  (2171,598)  (2173,646)  (2173,694)  (1979,645)  (1979,597)  (2027,597)  (2219,572)  (2076,837)  (2028,837)  (2220,742)  (2220,790)  (2220,838)  (2172,838)  (2124,838)  (2075,550)  (2221,620)  (2221,668)  (1931,635)  (1981,549)  (2076,885)  (2028,885)  (2268,716)  (2199,886)  (2151,886)  (2269,589)  (2269,637)
Gorno  (833,2880)  (785,2912)  (830,2832)  (878,2832)  (881,2880)
S17  (1602,788)  (1554,762)  (1649,836)  (1601,836)  (1650,785)  (1578,714)  (1698,798)
S16  (929,859)  (881,890)  (881,842)  (976,907)  (929,811)  (977,813)  (863,794)  (928,938)  (1024,873)  (1024,921)
S18  (1907,912)  (1896,864)  (1955,949)
Scorpii  (1841,2378)  (1793,2371)  (1888,2426)  (1840,2426)  (1841,2330)  (1889,2330)  (1889,2378)  (1785,2323)  (1936,2426)  (1737,2352)
Columbae  (225,1047)  (272,1095)  (224,1095)  (201,999)  (249,999)  (273,1047)
Vega  (102,79)  (54,126)  (54,78)  (149,127)  (102,31)  (150,31)  (150,79)  (52,30)  (101,174)  (53,174)  (6,126)  (6,78)  (197,127)  (197,175)  (149,175)  (5,175)  (198,0)  (198,48)  (4,30)  (101,222)  (53,222)  (245,96)  (245,144)  (245,192)  (197,223)  (149,223)  (5,223)  (246,0)  (246,48)  (293,96)  (293,144)  (294,0)  (294,48)
Pictoris  (2752,1874)  (2704,1906)  (2704,1858)  (2799,1922)  (2752,1826)  (2800,1858)
Aquilae  (2730,46)  (2682,93)  (2682,45)  (2777,94)  (2778,0)  (2729,141)  (2634,67)  (2634,19)  (2825,48)  (2825,96)  (2777,142)  (2826,0)  (2873,48)  (2873,96)  (2874,0)
Apodis  (688,381)  (640,417)  (640,369)  (736,374)  (784,375)
Hyginus  (2473,1711)  (2425,1758)  (2425,1710)  (2520,1759)  (2473,1663)  (2521,1663)  (2521,1711)
S20  (2344,830)  (2296,877)  (2385,878)  (2336,782)  (2384,782)  (2392,830)  (2384,926)  (2347,734)  (2353,686)
S22  (2540,975)  (2492,986)  (2588,943)  (2588,991)  (2450,938)  (2636,910)  (2636,958)  (2684,944)  (2684,992)
S21  (2528,687)  (2550,639)
S24  (218,1294)  (170,1341)  (170,1293)  (265,1342)  (218,1246)  (266,1246)  (266,1294)  (168,1245)  (217,1389)  (285,1390)  (229,1198)  (314,1241)  (185,1437)
Leporis  (2184,415)  (2136,462)  (2136,414)  (2231,463)  (2184,367)  (2232,375)  (2134,366)  (2088,484)  (2088,436)  (2279,423)  (2279,471)  (2086,388)  (2086,340)  (2287,519)  (2060,292)  (2327,387)  (2327,435)  (2375,387)  (2375,435)
S23  (2843,947)  (2795,990)  (2795,942)  (2890,995)  (2843,899)  (2891,904)  (2789,894)  (2741,895)  (2730,847)
S26  (828,1205)  (780,1252)  (780,1204)  (875,1253)  (876,1163)  (732,1208)  (924,1165)
Lacertae  (2424,569)  (2376,570)  (2471,617)  (2391,521)  (2439,521)  (2472,569)  (2423,618)
S25  (824,1048)  (776,1095)  (776,1047)  (871,1096)  (832,1000)  (872,1048)  (919,1096)
S28  (1562,1321)  (1514,1324)  (1609,1369)  (1610,1307)  (1502,1276)  (1657,1355)  (1454,1281)
S27  (1189,1123)  (1202,1171)  (1178,1075)
S29  (1936,1042)  (1888,1022)  (1983,1090)
Puppis  (2370,2026)  (2397,2074)  (2355,1978)  (2418,2002)
Canopus  (640,2488)  (688,2476)
Microscopii  (1214,15)  (1166,62)  (1166,14)  (1262,0)  (1262,48)  (1310,0)
S31  (2511,1206)  (2463,1249)  (2463,1201)  (2549,1254)  (2511,1158)  (2559,1158)  (2559,1206)  (2528,1302)
S30  (2141,1213)  (2093,1260)  (2093,1212)  (2188,1261)  (2141,1165)  (2189,1165)  (2189,1213)  (2092,1164)  (2045,1230)  (2236,1261)  (2230,1309)  (2044,1182)  (2237,1166)  (2284,1214)  (1996,1185)  (2332,1186)
S33  (2673,1270)  (2625,1303)  (2625,1255)  (2721,1251)  (2721,1299)
S32  (2397,1354)  (2349,1391)  (2349,1343)  (2444,1402)  (2397,1306)  (2445,1346)  (2337,1295)  (2301,1376)  (2385,1258)  (2493,1367)
Aurigae  (2339,2297)  (2291,2309)  (2291,2261)  (2386,2345)  (2339,2249)  (2387,2262)  (2338,2357)
S35  (21,1407)  (68,1455)  (20,1455)  (54,1359)  (69,1407)
Cancri  (1407,1413)  (1359,1402)  (1454,1461)  (1407,1365)  (1455,1377)  (1347,1354)  (1502,1425)  (1502,1473)  (1318,1306)  (1366,1306)  (1550,1425)  (1598,1441)
S34  (2867,1409)  (2819,1417)  (2819,1369)  (2912,1457)  (2867,1361)  (2864,1465)  (2771,1358)  (2912,1505)  (2895,1313)  (2864,1513)
S37  (199,1642)
S36  (-15,1601)
S39  (424,1701)  (376,1734)  (376,1686)  (471,1749)  (424,1653)  (472,1653)  (472,1701)
S38  (418,1534)  (370,1581)  (370,1533)  (466,1516)  (466,1564)  (326,1485)  (322,1596)  (322,1548)  (514,1515)  (514,1563)  (278,1500)  (274,1563)  (562,1508)  (562,1556)  (230,1508)  (610,1490)  (610,1538)  (658,1458)
Olber  (27,2303)  (74,2351)  (26,2351)  (0,2255)  (48,2255)  (75,2303)
Caphei  (1020,1222)  (972,1250)  (1068,1195)  (1068,1243)
Maksutov  (1795,1343)  (1747,1390)  (1747,1342)  (1816,1391)  (1843,1297)
Scuti  (1500,2778)  (1452,2746)  (1547,2826)  (1499,2826)  (1500,2730)  (1548,2734)  (1511,2874)